0.256726 1000.0
7.872945 1000.0
7.872945 2960.0
7.872945 2960.0
7.787369 2960.0
7.701794 2960.0
7.616218 2960.0
7.530643 2960.0
7.445067 2960.0
7.359492 2960.0
7.273916 2960.0
7.188341 2960.0
7.102765 2960.0
7.017190 2960.0
6.931614 2960.0
6.846039 2720.0
6.760463 2710.0
6.674888 2710.0
6.589312 2710.0
6.503737 2710.0
6.418161 2710.0
6.332586 2710.0
6.247010 2710.0
6.161435 2710.0
6.075859 2710.0
5.990284 2710.0
5.904708 2500.0
5.819133 2490.0
5.733558 2490.0
5.647982 2490.0
5.562407 2490.0
5.476831 2490.0
5.391256 2350.0
5.305680 2340.0
5.220105 2340.0
5.134529 2340.0
5.048954 2340.0
4.963378 2250.0
4.877803 2240.0
4.792227 2240.0
4.706652 2240.0
4.621076 2240.0
4.535501 2240.0
4.449925 2060.0
4.364350 2050.0
4.278774 2050.0
4.193199 2050.0
4.107623 2050.0
4.022048 2050.0
3.936472 2010.0
3.850897 2000.0
3.765321 1990.0
3.679746 1990.0
3.594170 1990.0
3.508595 1990.0
3.423019 1990.0
3.337444 1990.0
3.251868 1990.0
3.166293 1980.0
3.080717 1980.0
2.995142 1980.0
2.909566 1980.0
2.823991 1980.0
2.738416 1960.0
2.652840 1950.0
2.567265 1950.0
2.481689 1950.0
2.396114 1950.0
2.310538 1950.0
2.224963 1950.0
2.139387 1950.0
2.053812 1950.0
1.968236 1940.0
1.882661 1940.0
1.797085 1940.0
1.711510 1940.0
1.625934 1930.0
1.540359 1920.0
1.454783 1920.0
1.369208 1920.0
1.283632 1920.0
1.198057 1920.0
1.112481 1900.0
1.026906 1890.0
0.941330 1890.0
0.855755 1890.0
0.770179 1890.0
0.684604 1890.0
0.599028 1890.0
0.513453 1890.0
0.427877 1880.0
0.342302 1880.0
0.256726 1880.0
0.256726 1000.0
