0.075462 1000.0
7.168920 1000.0
7.168920 2570.0
7.168920 2570.0
7.093457 2570.0
7.017995 2570.0
6.942533 2570.0
6.867070 2570.0
6.791608 2570.0
6.716146 2570.0
6.640683 2570.0
6.565221 2570.0
6.489759 2570.0
6.414296 2570.0
6.338834 2570.0
6.263372 2570.0
6.187909 2440.0
6.112447 2440.0
6.036985 2440.0
5.961523 2440.0
5.886060 2440.0
5.810598 2440.0
5.735136 2440.0
5.659673 2440.0
5.584211 2440.0
5.508749 2440.0
5.433286 2220.0
5.357824 2220.0
5.282362 2220.0
5.206899 2220.0
5.131437 2220.0
5.055975 2220.0
4.980512 2220.0
4.905050 2100.0
4.829588 2100.0
4.754126 2100.0
4.678663 2100.0
4.603201 2100.0
4.527739 2100.0
4.452276 1980.0
4.376814 1980.0
4.301352 1980.0
4.225889 1980.0
4.150427 1980.0
4.074965 1980.0
3.999502 1890.0
3.924040 1890.0
3.848578 1890.0
3.773116 1890.0
3.697653 1890.0
3.622191 1890.0
3.546729 1890.0
3.471266 1830.0
3.395804 1830.0
3.320342 1830.0
3.244879 1830.0
3.169417 1830.0
3.093955 1830.0
3.018492 1830.0
2.943030 1830.0
2.867568 1720.0
2.792105 1720.0
2.716643 1720.0
2.641181 1720.0
2.565719 1720.0
2.490256 1720.0
2.414794 1720.0
2.339332 1720.0
2.263869 1650.0
2.188407 1650.0
2.112945 1650.0
2.037482 1650.0
1.962020 1650.0
1.886558 1650.0
1.811095 1650.0
1.735633 1590.0
1.660171 1590.0
1.584709 1590.0
1.509246 1590.0
1.433784 1590.0
1.358322 1590.0
1.282859 1590.0
1.207397 1540.0
1.131935 1540.0
1.056472 1540.0
0.981010 1540.0
0.905548 1540.0
0.830085 1540.0
0.754623 1480.0
0.679161 1480.0
0.603698 1480.0
0.528236 1480.0
0.452774 1480.0
0.377312 1480.0
0.301849 1440.0
0.226387 1440.0
0.150925 1440.0
0.075462 1440.0
0.075462 1000.0
