0.150925 1000.0
7.093457 1000.0
7.093457 2650.0
7.093457 2650.0
7.017995 2650.0
6.942533 2650.0
6.867070 2650.0
6.791608 2650.0
6.716146 2650.0
6.640683 2650.0
6.565221 2650.0
6.489759 2650.0
6.414296 2650.0
6.338834 2650.0
6.263372 2530.0
6.187909 2520.0
6.112447 2520.0
6.036985 2520.0
5.961523 2520.0
5.886060 2520.0
5.810598 2520.0
5.735136 2520.0
5.659673 2520.0
5.584211 2520.0
5.508749 2310.0
5.433286 2300.0
5.357824 2300.0
5.282362 2300.0
5.206899 2300.0
5.131437 2300.0
5.055975 2300.0
4.980512 2190.0
4.905050 2180.0
4.829588 2180.0
4.754126 2170.0
4.678663 2170.0
4.603201 2170.0
4.527739 2070.0
4.452276 2060.0
4.376814 2060.0
4.301352 2060.0
4.225889 2060.0
4.150427 2060.0
4.074965 1980.0
3.999502 1970.0
3.924040 1970.0
3.848578 1970.0
3.773116 1970.0
3.697653 1970.0
3.622191 1970.0
3.546729 1920.0
3.471266 1910.0
3.395804 1910.0
3.320342 1900.0
3.244879 1900.0
3.169417 1900.0
3.093955 1900.0
3.018492 1900.0
2.943030 1810.0
2.867568 1800.0
2.792105 1800.0
2.716643 1790.0
2.641181 1790.0
2.565719 1790.0
2.490256 1790.0
2.414794 1790.0
2.339332 1740.0
2.263869 1730.0
2.188407 1730.0
2.112945 1730.0
2.037482 1730.0
1.962020 1730.0
1.886558 1730.0
1.811095 1680.0
1.735633 1670.0
1.660171 1670.0
1.584709 1670.0
1.509246 1670.0
1.433784 1670.0
1.358322 1670.0
1.282859 1630.0
1.207397 1620.0
1.131935 1620.0
1.056472 1620.0
0.981010 1620.0
0.905548 1620.0
0.830085 1570.0
0.754623 1560.0
0.679161 1520.0
0.603698 1510.0
0.528236 1510.0
0.452774 1510.0
0.377312 1510.0
0.301849 1460.0
0.226387 1450.0
0.150925 1450.0
0.150925 1000.0
