0.171151 1000.0
7.958520 1000.0
7.958520 2880.0
7.958520 2880.0
7.872945 2880.0
7.787369 2880.0
7.701794 2880.0
7.616218 2880.0
7.530643 2880.0
7.445067 2880.0
7.359492 2880.0
7.273916 2880.0
7.188341 2880.0
7.102765 2880.0
7.017190 2880.0
6.931614 2880.0
6.846039 2880.0
6.760463 2630.0
6.674888 2630.0
6.589312 2630.0
6.503737 2630.0
6.418161 2630.0
6.332586 2630.0
6.247010 2630.0
6.161435 2630.0
6.075859 2630.0
5.990284 2630.0
5.904708 2630.0
5.819133 2410.0
5.733558 2410.0
5.647982 2410.0
5.562407 2410.0
5.476831 2410.0
5.391256 2410.0
5.305680 2260.0
5.220105 2260.0
5.134529 2260.0
5.048954 2260.0
4.963378 2260.0
4.877803 2160.0
4.792227 2160.0
4.706652 2160.0
4.621076 2160.0
4.535501 2160.0
4.449925 2160.0
4.364350 1970.0
4.278774 1970.0
4.193199 1970.0
4.107623 1970.0
4.022048 1970.0
3.936472 1970.0
3.850897 1920.0
3.765321 1920.0
3.679746 1920.0
3.594170 1920.0
3.508595 1920.0
3.423019 1920.0
3.337444 1920.0
3.251868 1920.0
3.166293 1920.0
3.080717 1920.0
2.995142 1920.0
2.909566 1920.0
2.823991 1920.0
2.738416 1920.0
2.652840 1870.0
2.567265 1870.0
2.481689 1870.0
2.396114 1870.0
2.310538 1870.0
2.224963 1870.0
2.139387 1870.0
2.053812 1870.0
1.968236 1870.0
1.882661 1870.0
1.797085 1870.0
1.711510 1870.0
1.625934 1870.0
1.540359 1840.0
1.454783 1840.0
1.369208 1840.0
1.283632 1840.0
1.198057 1840.0
1.112481 1840.0
1.026906 1810.0
0.941330 1810.0
0.855755 1810.0
0.770179 1810.0
0.684604 1810.0
0.599028 1810.0
0.513453 1810.0
0.427877 1800.0
0.342302 1800.0
0.256726 1800.0
0.171151 1800.0
0.171151 1000.0
