-25.6603 37.7358
-25.6603 37.7358
-25.6603 37.7358
-25.6603 37.7358
-25.6603 37.7358
-25.6603 37.7358
-25.6603 37.7358
-25.6603 37.7358
-25.6603 37.7358
-25.6603 37.7358
-25.7447 37.7221
-25.9213 37.8131
-26.0988 37.9052
-26.2745 37.9947
-26.4599 38.0891
-26.6488 38.1851
-26.8329 38.2785
-27.0211 38.3739
-27.2042 38.4667
-27.3847 38.5582
-27.5665 38.6501
-27.7511 38.7434
-27.9375 38.8375
-28.1192 38.9291
-28.2964 39.0182
-28.4603 39.1286
-28.62 39.2413
-28.7776 39.3519
-28.937 39.4634
-29.1013 39.5776
-29.2718 39.6955
-29.4269 39.8021
-29.597 39.9184
-29.7679 40.0348
-29.9325 40.1461
-30.0998 40.2587
-30.2645 40.369
-30.4351 40.4824
-30.6057 40.5953
-30.7702 40.7036
-30.9337 40.8107
-31.1042 40.9217
-31.2737 41.0314
-31.4385 41.1375
-31.6029 41.2428
-31.7794 41.3551
-31.9517 41.4643
-32.1215 41.5711
-32.2983 41.6818
-32.474 41.7912
-32.6482 41.8988
-32.8226 42.006
-33.0022 42.1158
-33.13 42.2196
-33.3095 42.3238
-33.4945 42.4249
-33.6771 42.5275
-33.8518 42.6439
-33.989 42.7285
-33.989 42.7285
-33.9931 42.7225
-34.0134 42.7245
-34.1733 42.8366
-34.355 42.9493
-34.5361 43.061
-34.7112 43.1683
-34.8837 43.2734
-35.0624 43.3816
-35.2437 43.4907
-35.4301 43.6022
-35.6164 43.7129
-35.7971 43.8196
-35.9817 43.9279
-36.1687 44.0369
-36.3508 44.1423
-36.5307 44.2459
-36.704 44.3173
-36.8767 44.4433
-37.012 44.5456
-37.2055 44.6477
-37.4019 44.7495
-37.6028 44.8536
-37.7953 44.9557
-37.9798 45.0579
-38.177 45.1638
-38.3712 45.2687
-38.5623 45.3711
-38.7558 45.4741
-38.9445 45.5741
-39.137 45.6752
-39.3369 45.7795
-39.5422 45.8858
-39.7505 45.9929
-39.9509 46.0952
-40.1448 46.1935
-40.3383 46.2909
-40.5308 46.387
-40.7244 46.4831
-40.9111 46.5754
-41.091 46.6633
-41.2769 46.7538
-41.4511 46.8381
-41.5836 46.9019
-41.7496 46.9813
-41.9187 47.062
-42.0001 47.0999
-42.0046 47.0954
-42.0071 47.0927
-42.1645 47.1
-42.2575 47.1018
-42.2602 47.1065
-42.2643 47.1083
-42.4678 47.1065
-42.584 47.1033
-42.5844 47.1033
-42.579 47.1039
-42.7902 47.1
-42.8835 47.1009
-42.892 47.1062
-42.8946 47.1247
-42.9579 47.1006
-43.1028 47.1
-43.253 47.1
-43.3972 47.1
-43.5474 47.1
-43.6909 47.1
-43.8335 47.1
-43.979 47.0999
-44.1246 47.1
-44.13 47.1006
-44.0003 47.1
-43.8771 47.099
-43.796 47.1037
-43.599 47.1007
-43.5332 47.1001
-43.5009 47.1002
-43.4008 47.1004
-43.3823 47.1004
-43.3324 47.0993
-43.3183 47.0971
-43.2996 47.0999
-43.2879 47.0967
-43.2002 47.1004
-43.1882 47.0989
-43.1715 47.0948
-43.0647 47.1016
-43.0525 47.0998
-43.0442 47.0973
-42.8332 47.1172
-42.5884 47.135
-42.3363 47.1535
-42.0977 47.1709
-41.8763 47.1871
-41.7012 47.1983
-41.6983 47.1994
-41.6978 47.1993
-41.6976 47.1992
-41.6957 47.1988
-41.6973 47.199
-41.6971 47.2145
-41.6553 47.0989
-41.6624 47.0975
-41.6651 47.0969
-41.6723 47.0978
-41.4998 47.0997
-41.5065 47.0974
-41.5115 47.0957
-41.4792 47.0942
-41.2918 47.0995
-41.3026 47.0972
-41.3101 47.0968
-41.3006 47.1005
-41.0784 47.0936
-40.9167 47.1002
-40.9268 47.1042
-40.9322 47.1073
-40.8703 47.1115
-40.6161 47.1037
-40.5425 47.1104
-40.547 47.1281
-40.5533 47.1401
-40.492 47.1498
-40.2497 47.1093
-40.1637 47.1041
-40.1663 47.1175
-40.1666 47.1257
-40.0787 47.1371
-39.8236 47.1371
-39.6665 47.1333
-39.6573 47.1353
-39.6519 47.132
-39.6401 47.1255
-39.8686 47.1106
-40.12 47.1009
-40.3609 47.0829
-40.6008 47.067
-40.8419 47.0457
-41.074 47.0277
-41.2926 47.0107
-41.4294 46.9991
-41.4294 46.9998
-41.3976 46.9604
-41.4631 46.96
-41.6418 46.9302
-41.8806 46.8839
-42.0845 46.8363
-42.1245 46.8778
-42.1491 46.8496
-42.1565 46.8453
-42.2212 46.9991
-42.3542 47.1409
-42.4837 47.2847
-42.6149 47.4298
-42.749 47.5779
-42.8844 47.7269
-43.0195 47.8752
-43.1531 48.0214
-43.2847 48.1649
-43.4183 48.3104
-43.5623 48.4272
-43.6665 48.5793
-43.797 48.7202
-43.9299 48.8633
-44.0665 49.0098
-44.2043 49.1569
-44.3452 49.3075
-44.4832 49.4543
-44.6216 49.6012
-44.761 49.7483
-44.8974 49.8919
-44.9986 49.9998
-44.999 50.0001
-44.999 50.0001
-44.9962 49.9477
-45.0041 49.8929
-45.0091 49.8948
-45.0143 49.8968
-44.992 49.8607
-44.9902 49.8629
-44.9905 49.8629
-44.9997 49.7713
-44.9985 49.7095
-44.9954 49.7134
-44.9941 49.7188
-44.997 49.5611
-45.0018 49.5644
-45.0062 49.5706
-45.0431 49.5238
-45.0003 49.4418
-45.0003 49.4418
-45 49.3786
-45.0004 49.2715
-44.9988 49.2723
-44.9999 49.1993
-44.9989 49.1248
-44.9988 49.1248
-45.0005 49.0045
-45.0005 49.0045
-45.0082 48.893
-45 48.8333
-45.0102 48.7846
-45 48.6876
-44.999 48.6354
-45.0014 48.5668
-45 48.4585
-45.0008 48.3959
-44.9979 48.2595
-44.9709 48.2293
-44.8022 48.102
-44.6305 47.9732
-44.4608 47.8456
-44.2909 47.7176
-44.1232 47.5909
-43.9563 47.4645
-43.7928 47.3403
-43.6301 47.2166
-43.3938 47.1671
-43.088 47.1464
-42.7937 47.1264
-42.5087 47.1071
-42.21 47.0909
-42.2157 47.0628
-42.2196 47.042
-42.0464 47.0062
-42.0002 46.9997
-42.0002 46.9997
-42.0001 46.9997
-41.9974 47.0976
-41.9974 47.0976
-41.9974 47.0976
-42.0486 47.0687
-42.2702 47.0166
-42.5207 46.9898
-42.7653 46.9635
-43.0098 46.9366
-43.2333 46.9134
-43.2324 46.9132
-43.2201 46.9131
-43.208 46.913
-43.2032 46.913
-43.193 46.913
-43.1809 46.913
-43.1732 46.913
-43.1659 46.913
-43.1586 46.913
-43.1505 46.913
-43.1363 46.913
-43.1221 46.913
-43.1219 46.9129
-43.2117 47.0125
-43.2918 47.1
-43.3765 47.0211
-43.5248 46.8827
-43.6662 46.7497
-43.6675 46.7494
-43.6593 46.7521
-43.6592 46.7515
-43.7424 46.8262
-43.7384 46.8208
-43.5955 46.6806
-43.5832 46.6668
-43.5832 46.6668
-43.5128 46.6002
-43.5002 46.5832
-43.5008 46.5829
-43.495 46.5707
-43.4158 46.5
-43.4158 46.5
-43.4158 46.5
-43.417 46.4901
-43.3329 46.4176
-43.3233 46.4175
-43.3223 46.4175
-43.2895 46.3865
-43.2387 46.3362
-43.2313 46.3358
-43.221 46.3373
-43.1626 46.2563
-43.1442 46.2546
-43.1372 46.2564
-43.1435 46.2525
-43.1617 46.2474
-43.1381 46.2502
-43.0721 46.2417
-43.083 46.1668
-43.0647 46.1707
-43.0577 46.1715
-43.1527 46.1598
-43.2808 46.1376
-43.1758 46.1319
-43.3178 46.1173
-43.545 46.1006
-43.7487 46.0834
-43.7402 46.0816
-43.7394 46.072
-43.7308 46.0598
-43.748 46.0826
-43.7464 46.0829
-43.6597 46.0201
-43.6247 45.9577
-43.6277 45.9578
-43.6323 45.9582
-43.7057 46.0351
-43.8014 46.1211
-43.8688 46.2074
-43.8558 46.2041
-43.8422 46.1994
-43.8401 46.1987
-43.911 46.2512
-44.0003 46.3332
-43.987 46.3264
-43.978 46.323
-43.9963 46.3299
-43.9974 46.3304
-44.051 46.3923
-44.1056 46.4411
-44.1056 46.4411
-44.1113 46.4502
-44.2177 46.5496
-44.2186 46.5499
-44.2147 46.5486
-44.2179 46.5453
-44.267 46.6011
-44.287 46.6315
-44.3371 46.6214
-44.5642 46.5618
-44.7973 46.5006
-44.9572 46.4589
-44.9193 46.4216
-44.9151 46.4173
-44.8332 46.3334
-44.819 46.3352
-44.7726 46.2796
-44.7406 46.2501
-44.7463 46.2495
-44.7504 46.2508
-44.6647 46.1697
-44.6624 46.1645
-44.6624 46.1645
-44.5831 46.0837
-44.5832 46.0837
-44.5831 46.0837
-44.5786 46.0844
-44.5708 46.0814
-44.465 45.9695
-44.4574 45.9582
-44.4574 45.9582
-44.4442 45.9463
-44.3335 45.8339
-44.3335 45.8339
-44.333 45.835
-44.33 45.8352
-44.3308 45.8361
-44.2539 45.7605
-44.2085 45.7083
-44.2085 45.7083
-44.2085 45.7083
-44.2608 45.6646
-44.4159 45.5357
-44.5755 45.4027
-44.7091 45.2918
-44.7204 45.2916
-44.7263 45.2916
-44.7573 45.302
-44.8336 45.4196
-44.8336 45.4196
-44.8336 45.4196
-44.8336 45.4196
-44.8652 45.4554
-44.9584 45.5418
-44.9583 45.5417
-44.9584 45.5417
-44.9969 45.5803
-45.0833 45.6667
-45.0833 45.6667
-45.0881 45.6666
-45.0883 45.6658
-45.1111 45.6885
-45.2147 45.8014
-45.3326 45.9186
-45.3385 45.9201
-45.3434 45.9357
-45.4397 46.0311
-45.5043 46.0866
-45.5062 46.0865
-45.5073 46.0901
-45.485 46.0725
-45.3663 45.9496
-45.3281 45.9195
-45.321 45.922
-45.2152 45.8251
-45.0953 45.6795
-45.0895 45.6713
-45.1011 45.6808
-45.1058 45.6934
-45.2305 45.8141
-45.3352 45.9193
-45.3312 45.9307
-45.3294 45.9365
-45.3206 45.9658
-45.0923 46.0239
-44.8624 46.0759
-44.6375 46.1476
-44.4174 46.2205
-44.1922 46.2949
-43.9799 46.365
-43.7609 46.4372
-43.5465 46.5078
-43.3342 46.5776
-43.1204 46.6478
-42.8978 46.7208
-42.68 46.7921
-42.4648 46.8624
-42.3951 46.9151
-42.5425 46.9504
-42.7678 46.9997
-43.0049 47.0451
-43.246 47.0913
-43.291 47.1004
-43.2916 47.0997
-43.2963 47.0978
-43.3184 47.0512
-43.4055 46.8914
-43.4311 46.8449
-43.4285 46.8375
-43.4254 46.8294
-43.422 46.8212
-43.4189 46.8131
-43.4168 46.8077
-43.4149 46.8029
-43.413 46.798
-43.4106 46.7919
-43.4075 46.7838
-43.4043 46.7758
-43.4018 46.7695
-43.5137 46.7313
-43.7423 46.6776
-43.9772 46.63
-44.1919 46.5866
-44.1913 46.584
-44.1859 46.5765
-44.1807 46.569
-44.1754 46.5616
-44.1713 46.5557
-44.1681 46.5513
-44.165 46.5468
-44.1618 46.5423
-44.1586 46.5378
-44.1537 46.5308
-44.1513 46.5282
-44.2732 46.4561
-44.4189 46.4028
-44.5555 46.3559
-44.5582 46.3513
-44.5507 46.3448
-44.544 46.339
-44.5364 46.3325
-44.5328 46.3295
-44.5298 46.327
-44.5269 46.3245
-44.5239 46.322
-44.521 46.3194
-44.5171 46.3161
-44.5095 46.3096
-44.5031 46.3041
-44.5031 46.3037
-44.5419 46.3145
-44.6877 46.3705
-44.8488 46.4322
-45.0147 46.4956
-45.1819 46.5595
-45.3435 46.6188
-45.5054 46.6861
-45.6625 46.748
-45.81 46.8062
-45.9304 46.8535
-46.0569 46.9033
-46.1843 46.9533
-46.3129 47.0038
-46.4551 47.0328
-46.6189 47.0529
-46.7817 47.0746
-46.9604 47.0966
-47.1431 47.1341
-47.3243 47.1706
-47.4991 47.2058
-47.6693 47.24
-47.8274 47.2718
-47.9906 47.3045
-48.151 47.3366
-48.3164 47.3696
-48.4849 47.4033
-48.6719 47.4406
-48.8652 47.4792
-49.0642 47.5188
-49.2551 47.5568
-49.4422 47.5864
-49.6215 47.6288
-49.7969 47.6646
-49.9661 47.6981
-50.1366 47.732
-50.3058 47.7655
-50.4819 47.8005
-50.6684 47.8374
-50.851 47.8732
-51.0464 47.9122
-51.2507 47.9527
-51.4625 47.9944
-51.6838 48.0381
-51.9074 48.0822
-52.1347 48.1269
-52.3598 48.1712
-52.59 48.2167
-52.8272 48.2635
-53.0665 48.2133
-53.2681 48.1129
-53.2681 48.113
-53.2681 48.1129
-53.2681 48.1129
-53.2681 48.113
-53.2681 48.1129
-53.268 48.1129
-53.2681 48.1129
-53.2681 48.113
-53.2681 48.1129
-53.2681 48.1129
-53.2681 48.1129
-53.2681 48.113
-53.2681 48.113
-53.2681 48.113
-53.2682 48.113
-53.2682 48.113
-53.2681 48.113
-53.2682 48.113
-53.2682 48.113
-53.2683 48.113
-53.2682 48.113
-53.2682 48.113
-53.2682 48.113
-53.2682 48.113
-53.2682 48.113
-53.2683 48.113
-53.2682 48.113
-53.2682 48.113
-53.2683 48.113
-53.2683 48.113
-53.2685 48.1129
-53.2685 48.1129
-53.2684 48.1129
-53.2684 48.113
-53.2684 48.113
-53.1475 48.1708
-52.8609 48.2219
-52.6338 48.1091
-52.4589 47.9749
-52.3107 47.8302
-52.1621 47.6844
-52.0075 47.5369
-51.8588 47.3912
-51.6996 47.2593
-51.5231 47.1223
-51.3438 46.9832
-51.1726 46.8506
-50.9996 46.7179
-50.8206 46.5792
-50.6593 46.439
-50.5037 46.2922
-50.3457 46.1415
-50.1847 45.9876
-50.024 45.8335
-49.8637 45.6795
-49.7083 45.5296
-49.5518 45.3783
-49.4002 45.2314
-49.2534 45.0882
-49.1087 44.9467
-48.9556 44.7991
-48.7888 44.6407
-48.6263 44.4826
-48.4609 44.3224
-48.288 44.1576
-48.2249 44.0988
-48.194 44.0071
-48.1289 43.8328
-48.1432 43.6757
-48.1818 43.5176
-48.2217 43.3527
-48.2666 43.1563
-48.3036 42.9647
-48.3069 42.7889
-48.1961 42.6418
-48.0637 42.4964
-47.9407 42.3248
-47.819 42.1549
-47.704 41.9938
-47.5913 41.8359
-47.4868 41.6885
-47.3756 41.5315
-47.2572 41.3641
-47.1434 41.2031
-47.026 41.0353
-46.9993 40.9995
-46.9994 40.9995
-46.9994 40.9995
-46.9923 40.9936
-46.8303 41.1154
-46.6324 41.2469
-46.4233 41.3856
-46.2039 41.5309
-45.9883 41.6733
-45.7777 41.8121
-45.5655 41.9516
-45.3469 42.095
-45.3054 42.1222
-45.3054 42.1222
-45.3054 42.1222
-45.3011 42.124
-45.5512 42.1914
-45.8047 42.2642
-45.8117 42.2642
-45.8117 42.2642
-45.8117 42.2642
-45.8296 42.2728
-46.0498 42.3308
-46.264 42.3907
-46.318 42.4063
-46.318 42.4063
-46.318 42.4062
-46.4649 42.4407
-46.6825 42.5014
-46.8245 42.5477
-46.8244 42.5477
-46.8244 42.5477
-46.8751 42.5559
-46.9543 42.5833
-46.9543 42.5833
-46.9543 42.5833
-47.083 42.6198
-47.083 42.6198
-47.083 42.6198
-47.1367 42.6579
-47.3817 42.7096
-47.5002 42.7357
-47.4988 42.7397
-47.4989 42.7397
-47.4987 42.7396
-47.6357 42.7738
-47.8833 42.8458
-47.891 42.8455
-47.891 42.8454
-47.8906 42.8422
-47.9462 42.8623
-48.1777 42.9239
-48.2133 42.9315
-48.2133 42.9316
-48.222 42.9291
-48.2859 42.9445
-48.464 43.0027
-48.5253 43.0226
-48.5252 43.0226
-48.5347 43.0241
-48.6373 43.0548
-48.8254 43.1069
-48.8268 43.1081
-48.8437 43.11
-48.9234 43.1095
-49.07 43.1749
-49.07 43.1749
-49.0896 43.175
-49.2085 43.2132
-49.2136 43.2081
-49.2317 43.2124
-49.3609 43.2552
-49.3635 43.2488
-49.3656 43.2473
-49.5115 43.2985
-49.5051 43.2892
-49.5045 43.2698
-49.2897 43.2224
-49.0698 43.1751
-48.8396 43.1109
-48.6131 43.0476
-48.3766 42.9815
-48.1372 42.9144
-47.9001 42.8479
-47.6729 42.7842
-47.5165 42.7417
-47.5163 42.742
-47.5162 42.742
-47.5163 42.742
-47.5163 42.742
-47.5163 42.742
-47.5163 42.742
-47.5163 42.742
-47.5162 42.742
-47.5162 42.742
-47.5162 42.742
-47.5164 42.7457
-47.5206 42.7689
-47.5259 42.7911
-47.5172 42.7438
-47.5171 42.7634
-47.5171 42.7644
-47.4901 42.8312
-47.4613 43.0595
-47.4492 43.1351
-47.4436 43.1466
-47.4377 43.1584
-47.4557 43.0787
-47.4779 42.9309
-47.4796 42.9147
-47.4788 42.9181
-47.4777 42.9222
-47.4767 42.9264
-47.4804 42.9082
-47.4795 42.921
-47.4788 42.9329
-47.4846 42.8928
-47.4837 42.9015
-47.4837 42.9033
-52.71 47.56
